3268, 1997, 2550, 5180, 4516, 3550, 9606, 7430, 4908, 8767, 8114, 2778, 8980, 6802, 9997, 4974, 4763, 8733, 8008, 1785, 3140, 2153, 647, 9110, 6900, 5052, 7080, 363, 6771, 6783, 3678, 3121, 7935, 7998, 6355, 1758, 2000, 3310, 5815, 4315, 6208, 148, 6002, 4241, 3811, 4763, 9603, 2750, 6914, 1695, 8254, 5583, 5911, 6107, 9292, 8710, 7617, 9372, 5324, 1122, 7620, 7049, 7673, 9288, 1052, 4944, 9859, 7066, 9938, 3352, 2652, 6916, 4635, 1769, 7963, 3095, 1466, 6375, 4862, 5201, 8583, 388, 7337, 894, 7347, 3082, 87, 9924, 7079, 6624, 5566, 7700, 6870, 1234, 2805, 5539, 9372, 8171, 6106, 6475
7927, 6987, 9616, 42, 250, 8144, 1989, 6798, 8971, 4640, 3872, 3537, 1775, 6572, 9808, 3082, 1643, 740, 5267, 8383, 719, 3303, 9004, 9221, 9737, 7287, 710, 1240, 8594, 8308, 4004, 1265, 2656, 1250, 5235, 9893, 3705, 7849, 9240, 2218, 4033, 135, 4269, 183, 7134, 7500, 9600, 5574, 8683, 5821, 1021, 917, 7063, 5480, 1337, 6683, 3534, 1400, 5301, 7093, 8367, 2301, 991, 3554, 722, 8234, 2543, 4302, 6870, 5177, 2340, 1184, 3495, 2969, 4333, 9648, 195, 8193, 3946, 6039, 8111, 6732, 4224, 7047, 9613, 1706, 2310, 9764, 7369, 1219, 5124, 7257, 9808, 6941, 8201, 3733, 3958, 8930, 7060, 5479
5975, 4284, 6166, 8548, 4280, 7253, 6589, 1894, 155, 6219, 9795, 5075, 5905, 8633, 1661, 2981, 1232, 8409, 7752, 6127, 4341, 1555, 8209, 3964, 5505, 4889, 8126, 399, 7255, 9566, 7270, 5252, 7239, 5847, 1135, 2739, 6836, 8054, 3911, 8208, 1121, 8962, 2729, 7383, 3447, 1027, 1759, 8108, 1029, 7796, 4121, 3231, 6238, 2601, 9425, 4646, 2027, 3200, 4790, 2781, 8880, 442, 7601, 2819, 5006, 6205, 9003, 8818, 1090, 866, 8126, 9566, 5879, 3402, 8377, 5454, 9096, 7846, 8816, 3991, 3744, 8256, 5539, 2630, 733, 641, 335, 1544, 4938, 4346, 6408, 5678, 3303, 7270, 3901, 4983, 2383, 9017, 1148, 4040
4887, 3568, 1118, 7506, 2148, 8391, 6332, 5752, 2261, 43, 9726, 5863, 1633, 7253, 3340, 6790, 1083, 1266, 1545, 3833, 6305, 9750, 554, 6886, 6514, 5011, 1417, 8904, 4373, 9407, 9367, 5904, 4944, 888, 8432, 7498, 1342, 9424, 6567, 7389, 9973, 672, 3210, 6618, 8853, 6735, 8106, 8387, 8325, 5082, 7561, 2244, 4705, 5801, 1828, 7132, 3853, 4215, 5278, 7335, 3505, 618, 9164, 2715, 295, 1368, 5374, 4807, 9832, 5917, 8350, 3314, 5958, 2484, 1544, 3310, 8344, 1028, 4210, 2116, 5976, 5931, 4143, 6173, 7738, 2386, 2024, 2505, 323, 9853, 3465, 6376, 7978, 3161, 5540, 6636, 8235, 6824, 5619, 2871
2700, 984, 1664, 3989, 2205, 8011, 4789, 6140, 1218, 7239, 6857, 9000, 7224, 1595, 8156, 3312, 7037, 3913, 2789, 9386, 3421, 2664, 2297, 5709, 2288, 6467, 1288, 9251, 2773, 4311, 2313, 4163, 3, 3710, 1116, 3573, 3046, 2153, 7515, 9960, 8639, 8159, 1623, 3194, 4633, 7015, 9927, 1760, 5773, 2838, 796, 1884, 8454, 2984, 4406, 1348, 365, 3031, 7780, 9614, 5575, 583, 1673, 3562, 5533, 3927, 2361, 8607, 1720, 7269, 8036, 8257, 6215, 7656, 6499, 1293, 2334, 2, 8093, 4644, 8672, 5689, 5409, 1764, 6364, 7089, 9217, 880, 1212, 5074, 8261, 4812, 9413, 9059, 9098, 4225, 8075, 9489, 1011, 9187
9452, 763, 132, 9653, 873, 8583, 6431, 4140, 727, 9449, 6960, 7241, 4518, 1589, 8845, 877, 4049, 6033, 5926, 1211, 7031, 3681, 3637, 3018, 4112, 9286, 7765, 5953, 5167, 6048, 4056, 2655, 7020, 5170, 7284, 6899, 253, 3176, 361, 1127, 3674, 6045, 6354, 6594, 1169, 3289, 8844, 6098, 7187, 6982, 8978, 8809, 3867, 460, 770, 9048, 4997, 8899, 9736, 6059, 9361, 9331, 3777, 9774, 8832, 749, 9396, 8367, 4587, 5950, 766, 7008, 8199, 5488, 3975, 3631, 3061, 685, 3832, 6752, 5558, 7057, 6044, 2449, 4737, 1689, 3265, 2420, 3841, 8087, 9561, 2743, 6981, 9911, 4163, 3413, 9494, 565, 2028, 2045
1084, 9108, 5702, 1204, 6686, 4197, 250, 7787, 1221, 6846, 591, 4547, 863, 9668, 8505, 8456, 5265, 4966, 4763, 7908, 2312, 6551, 384, 954, 9384, 487, 9829, 9730, 2886, 8083, 8123, 2032, 820, 433, 3343, 9607, 1573, 7526, 5688, 4121, 5776, 6544, 4422, 6006, 7052, 3352, 4424, 8450, 1821, 8361, 4732, 8600, 7918, 2975, 2541, 766, 6720, 5657, 7427, 1846, 3731, 7250, 2235, 7530, 8115, 3694, 9025, 8889, 2553, 475, 730, 2935, 963, 7273, 1809, 7401, 3141, 3115, 4029, 9591, 2151, 2065, 6758, 1454, 2459, 6981, 4669, 8239, 4191, 4193, 9567, 6038, 1669, 5087, 7261, 4342, 2425, 1542, 4780, 3309
6267, 905, 8107, 1894, 2639, 2777, 5591, 2179, 8537, 4264, 7688, 7320, 8514, 2543, 9336, 5355, 2970, 3597, 7305, 8797, 811, 3818, 1233, 412, 7829, 6774, 3662, 8861, 2721, 915, 1388, 4017, 8505, 5250, 7691, 645, 8290, 9077, 2623, 901, 859, 8751, 6393, 608, 3316, 9179, 9159, 1671, 5171, 216, 8994, 3091, 664, 8482, 8693, 6085, 3901, 3240, 1201, 4568, 4379, 935, 2906, 864, 8904, 6731, 3850, 7937, 9540, 2993, 3944, 3665, 6262, 4005, 4732, 9696, 7247, 3432, 6913, 7312, 9410, 6062, 4889, 5370, 6669, 8132, 923, 874, 3710, 1252, 3163, 1026, 8560, 3309, 3719, 6705, 8139, 6064, 5298, 1237
7165, 3173, 7443, 5047, 2257, 4273, 6371, 6340, 9912, 485, 5566, 283, 9117, 4152, 7856, 4351, 6833, 996, 3517, 5469, 7286, 5998, 3090, 5372, 4098, 5231, 8075, 4211, 7628, 4682, 7452, 8852, 8595, 3614, 3025, 1524, 3035, 4460, 2033, 6556, 2968, 3393, 1155, 7743, 1747, 5758, 2077, 6587, 3016, 8351, 5106, 2119, 7435, 6180, 4004, 6311, 1882, 4782, 2128, 5170, 1724, 439, 7287, 4548, 7933, 9694, 276, 1412, 7290, 6461, 9974, 5864, 5760, 9734, 6087, 6561, 2225, 7371, 9154, 2335, 2188, 1802, 6273, 5814, 8817, 1599, 141, 614, 1744, 8827, 8479, 2295, 2414, 5828, 683, 4668, 8458, 6689, 8630, 7294
8537, 8006, 8965, 7033, 3452, 763, 4918, 6374, 8899, 164, 6712, 3930, 190, 3057, 970, 7964, 9512, 3246, 1176, 2108, 1841, 3420, 3218, 3534, 6518, 8690, 2286, 7753, 7637, 806, 34, 954, 7939, 3991, 3766, 322, 7666, 3058, 2655, 5140, 1984, 1953, 9504, 6647, 7994, 6200, 431, 2583, 5095, 5884, 8951, 3172, 543, 6702, 5461, 8872, 5382, 5433, 7855, 6659, 4636, 2703, 4117, 807, 9628, 320, 3110, 6228, 9614, 2673, 5537, 7200, 4510, 1661, 3012, 2077, 460, 2472, 9594, 4970, 5209, 3142, 6706, 8730, 813, 4301, 9396, 9643, 7080, 6739, 9121, 3175, 325, 3519, 5851, 1831, 8526, 244, 177, 727
5734, 1787, 4334, 3828, 5766, 6284, 9553, 3990, 7599, 7538, 6010, 2891, 2637, 5099, 807, 2748, 7097, 7236, 8823, 329, 1107, 5779, 1138, 5147, 9797, 3394, 5721, 7999, 668, 3194, 5573, 3021, 5823, 7854, 136, 6296, 7255, 347, 6878, 6711, 8333, 1272, 1265, 258, 4871, 8376, 4971, 7224, 4704, 2310, 4193, 2875, 5581, 8927, 2134, 6093, 7366, 2500, 2392, 7209, 6024, 6124, 2812, 5780, 3675, 5257, 2639, 1421, 1131, 7874, 9285, 5982, 6751, 25, 4890, 3314, 8190, 8719, 7001, 3686, 1693, 5020, 2147, 3490, 6934, 8970, 5871, 7324, 4087, 4561, 7869, 8720, 3822, 7345, 6291, 7886, 212, 9453, 944, 9630
1157, 6846, 1210, 2336, 873, 1401, 783, 9315, 4227, 6089, 8009, 7182, 3260, 4949, 7565, 1956, 2117, 824, 6491, 2561, 7760, 2885, 5170, 3077, 370, 2866, 1768, 9679, 9122, 3627, 6841, 5513, 6144, 6167, 3341, 6963, 3908, 1539, 6122, 7707, 9044, 2251, 4146, 2778, 8619, 3671, 8099, 3434, 3291, 9746, 5876, 5058, 5441, 8881, 8486, 4551, 9378, 5229, 9346, 700, 4992, 7842, 605, 879, 5901, 5124, 1217, 84, 8011, 4880, 2782, 3814, 4705, 860, 833, 4553, 388, 5149, 1218, 2770, 5025, 2046, 3496, 7217, 8454, 3092, 5854, 6061, 4780, 4851, 8944, 9935, 3944, 688, 9283, 312, 9685, 5352, 6329, 1814
550, 6448, 1248, 5012, 3345, 51, 9484, 7085, 6475, 8639, 3746, 1303, 3997, 8299, 8768, 2709, 9895, 8716, 4314, 6615, 6056, 3856, 8282, 8560, 6765, 3435, 7491, 9233, 7142, 5298, 9731, 5535, 2857, 6622, 7035, 9419, 3746, 7525, 6741, 9457, 4460, 4086, 3909, 6172, 1188, 9063, 5906, 1095, 4650, 7634, 7583, 1234, 6056, 2417, 3354, 5182, 4552, 6679, 695, 4449, 1763, 7180, 8135, 3765, 1495, 8414, 9603, 7072, 406, 8137, 6199, 1742, 8483, 27, 5868, 2119, 6581, 3084, 1272, 4941, 1897, 8932, 6218, 3388, 1321, 7595, 1411, 3589, 6835, 9497, 1014, 7216, 6821, 6453, 2520, 6523, 2013, 7243, 3771, 3606
5113, 3985, 2633, 3999, 8629, 3990, 6767, 5801, 6356, 8015, 3238, 9440, 122, 9930, 281, 9928, 4905, 4673, 6438, 2989, 2221, 1095, 5502, 8792, 3828, 3771, 9234, 2207, 5207, 3210, 3636, 6442, 1018, 6998, 8731, 7772, 2807, 5396, 6269, 2592, 2589, 3628, 4530, 4531, 4624, 9705, 4506, 8514, 1699, 996, 7130, 756, 1522, 4958, 6942, 8495, 3476, 9451, 3599, 952, 5883, 5875, 8987, 3466, 9206, 4023, 4318, 77, 1143, 959, 8601, 5893, 5450, 7524, 7088, 9518, 7527, 5118, 5965, 7550, 6249, 2309, 7376, 7674, 3394, 5503, 7138, 4260, 9085, 432, 6010, 508, 4111, 1531, 4220, 4207, 7768, 4412, 8089, 9902
2857, 2584, 7091, 8935, 7900, 3348, 9416, 188, 289, 9338, 4235, 8614, 3083, 1595, 9232, 5683, 2472, 7225, 2704, 5692, 2553, 9743, 544, 4606, 8991, 2980, 9757, 3525, 3375, 112, 1832, 7198, 5654, 7771, 1214, 9091, 2884, 1502, 6439, 8430, 8714, 2869, 4062, 1392, 9533, 412, 8403, 8119, 1, 6353, 3359, 9630, 2802, 8463, 6059, 3825, 4906, 1809, 5961, 7787, 5347, 8252, 7162, 4374, 7606, 2513, 6127, 4677, 3035, 2359, 1850, 4359, 458, 7074, 528, 1104, 1053, 2731, 2219, 2461, 6973, 4995, 2712, 8197, 6724, 185, 9802, 8964, 288, 3161, 9551, 3552, 2229, 6231, 4746, 290, 1535, 6698, 4715, 4262
2868, 1971, 2974, 925, 5041, 199, 6717, 8442, 9045, 1276, 116, 5575, 9765, 7792, 1558, 9358, 2629, 7977, 3508, 6911, 8875, 3020, 2517, 8753, 862, 9304, 6032, 6754, 1901, 2006, 2130, 8474, 3476, 289, 8109, 1045, 6359, 5902, 3882, 2000, 1181, 6357, 6613, 1459, 8266, 1067, 3665, 9981, 6192, 3847, 2006, 9012, 3469, 7974, 3541, 6376, 7953, 675, 7479, 7514, 4187, 2315, 2833, 4305, 9728, 1870, 6390, 7211, 7688, 4278, 4109, 3201, 4225, 7214, 6791, 1483, 6520, 4475, 4071, 1385, 8904, 706, 4324, 1937, 2200, 7502, 1905, 643, 4151, 4077, 7285, 9750, 6779, 6597, 132, 1921, 9969, 9092, 137, 3614
9199, 5379, 5485, 3737, 9351, 5851, 4271, 7139, 5856, 5155, 9867, 7407, 9011, 6828, 7288, 1054, 7282, 8742, 3916, 5693, 617, 8868, 4614, 8074, 5356, 4318, 8227, 3965, 8213, 7867, 9711, 766, 7964, 5248, 9763, 5492, 9975, 3374, 1693, 5281, 523, 4377, 3496, 4951, 4970, 2817, 1631, 6296, 6275, 3767, 1815, 6766, 8096, 7614, 1328, 1020, 9773, 3342, 6749, 7367, 8845, 5857, 864, 2612, 470, 4435, 2527, 2979, 2065, 8830, 3694, 5869, 5826, 6698, 8537, 7047, 1391, 1067, 589, 527, 5842, 9365, 5197, 3883, 8491, 6177, 6209, 36, 3444, 330, 7800, 7647, 3813, 3178, 4597, 6156, 7625, 9031, 5861, 8272
6975, 546, 2389, 2217, 8762, 1608, 8002, 8409, 7486, 7725, 1015, 418, 8013, 9310, 4924, 8024, 8933, 6307, 1695, 986, 5229, 3638, 5497, 5726, 2328, 5624, 9511, 3575, 2269, 4188, 3511, 8432, 6759, 9965, 5345, 3733, 1150, 7679, 5122, 3488, 8017, 7156, 6972, 9809, 8942, 9137, 9545, 9818, 8355, 725, 3105, 8135, 3820, 8720, 8012, 7227, 3064, 371, 6661, 6842, 9184, 146, 8555, 5447, 1997, 7982, 6062, 1166, 5272, 9221, 6643, 7035, 6740, 8903, 5845, 5585, 167, 3422, 4208, 718, 6565, 712, 367, 649, 4621, 6027, 2108, 4288, 8849, 4196, 6908, 4842, 7604, 758, 3566, 8655, 2116, 3787, 6954, 4346
2004, 5429, 8611, 7149, 2357, 7152, 6937, 6038, 2370, 5554, 2077, 6682, 5814, 6198, 2246, 1587, 9136, 1409, 190, 9864, 3869, 4185, 777, 2995, 6224, 4516, 3281, 9684, 8211, 6199, 4822, 2435, 1450, 2032, 4669, 843, 6960, 2695, 2579, 1742, 1636, 8, 8251, 4361, 4875, 8353, 3076, 9397, 6854, 9013, 9836, 4536, 3358, 951, 805, 5370, 710, 8076, 9762, 9875, 8374, 7506, 8838, 6665, 6080, 5445, 6844, 2092, 6978, 7391, 1729, 8919, 8215, 7128, 6177, 9775, 5609, 4666, 1985, 1906, 9635, 6688, 5844, 5815, 5804, 4340, 6398, 9308, 3710, 2284, 69, 221, 5505, 9800, 1019, 5584, 6361, 9423, 8840, 2397
6627, 1131, 6079, 5308, 7779, 393, 6565, 9495, 2041, 6543, 4626, 2821, 8589, 3877, 4772, 9952, 7637, 1651, 1183, 2542, 7362, 701, 6419, 3796, 7644, 3820, 9209, 2801, 8896, 4203, 1828, 3835, 3856, 1298, 8656, 8537, 5185, 6200, 8808, 4329, 1930, 9387, 7402, 714, 3468, 2028, 1978, 6243, 434, 8347, 2862, 2810, 8303, 627, 8858, 684, 791, 283, 2555, 7231, 7056, 8163, 2738, 4621, 8791, 4735, 4926, 6990, 730, 6136, 4894, 5499, 843, 5192, 4199, 525, 4545, 7484, 1160, 3836, 611, 1263, 5566, 9983, 5183, 6629, 422, 5415, 4222, 3729, 9487, 5834, 4114, 1966, 5049, 7162, 4689, 2203, 6397, 3175
8916, 1754, 5826, 3323, 8727, 7627, 5611, 7552, 7003, 6892, 6401, 1036, 1624, 4326, 4709, 675, 8669, 6564, 4806, 6894, 8321, 8853, 8196, 8868, 8881, 5215, 2079, 8615, 1378, 5344, 6726, 9596, 9707, 1846, 533, 8402, 8981, 9623, 671, 3943, 7816, 5098, 6705, 7114, 8664, 6763, 4339, 5371, 3962, 106, 6531, 834, 4896, 9346, 9614, 7623, 3844, 5601, 2781, 3941, 1209, 6149, 317, 7119, 2287, 2224, 7291, 5293, 26, 3466, 1077, 7694, 5139, 5549, 3041, 6613, 5853, 3815, 6993, 8038, 5798, 9771, 3606, 4686, 2, 9234, 2888, 4674, 5793, 553, 26, 1466, 7504, 8914, 3429, 5845, 1325, 7991, 7636, 8699
9383, 3380, 7923, 4144, 186, 3195, 7885, 6153, 5946, 9951, 6053, 8250, 5965, 4443, 2698, 5070, 9265, 6711, 3364, 6620, 8964, 1388, 1403, 932, 5498, 4708, 7778, 8475, 5731, 8315, 2781, 2144, 238, 616, 926, 9963, 1620, 9887, 7258, 3740, 2524, 4581, 594, 5805, 3309, 5395, 6794, 7713, 5702, 484, 3064, 9328, 669, 9967, 2502, 4059, 5792, 8335, 6639, 6183, 9913, 3710, 2532, 9159, 522, 1042, 155, 9651, 2435, 2276, 5269, 571, 4692, 268, 2743, 7843, 6245, 4823, 5373, 9871, 46, 8604, 3660, 5680, 9431, 7837, 2710, 7600, 296, 7794, 3453, 6982, 7546, 5806, 6704, 6962, 4474, 5229, 259, 4534
9343, 2221, 1155, 5342, 4278, 3439, 7529, 8468, 7766, 6864, 7066, 5267, 3567, 9807, 1960, 5816, 5620, 7886, 3501, 8894, 679, 6245, 2925, 6594, 7821, 9629, 9035, 2639, 6723, 1040, 7196, 4252, 4657, 9678, 8824, 1053, 5528, 7601, 5238, 863, 2956, 1122, 4824, 1523, 3393, 7353, 7881, 9878, 4588, 8494, 9224, 3928, 9314, 6472, 4636, 1820, 4212, 8371, 3608, 1829, 8854, 8714, 7462, 759, 676, 8111, 8892, 4316, 7307, 9054, 6266, 1915, 8994, 8698, 3586, 88, 334, 5362, 4929, 3253, 2304, 181, 401, 7891, 2730, 7842, 9137, 6410, 5734, 671, 3759, 9900, 8482, 8461, 9818, 4811, 6571, 2386, 3229, 7161
7790, 5102, 8474, 9326, 7667, 713, 442, 8671, 9202, 7654, 3179, 4318, 3486, 4760, 9509, 8230, 7551, 5772, 6558, 9428, 700, 385, 3499, 5636, 825, 544, 9522, 4968, 7767, 9173, 1997, 1342, 1665, 4766, 7038, 1243, 383, 9329, 7302, 6174, 1639, 9082, 4749, 4685, 2239, 6983, 9279, 210, 8952, 3692, 7713, 6127, 2986, 8868, 1426, 7414, 2773, 7869, 5051, 9080, 7832, 9847, 3191, 5145, 9829, 1997, 6806, 8365, 5674, 1282, 6060, 123, 1430, 9376, 1787, 1945, 5187, 8699, 3480, 4965, 1600, 7505, 7698, 1313, 785, 9742, 7147, 1890, 9467, 1073, 7337, 8289, 2857, 5889, 4680, 2695, 1584, 1390, 7151, 8573
9209, 3903, 6258, 6598, 2335, 9478, 6939, 4911, 7112, 5495, 219, 60, 3105, 2550, 1999, 5217, 7871, 6176, 185, 5179, 3364, 6112, 1491, 3515, 8345, 6784, 8751, 5761, 9332, 6398, 9322, 4041, 6308, 3644, 5259, 2667, 8403, 379, 6337, 1361, 9083, 5853, 7720, 2545, 9966, 3069, 5094, 1863, 7358, 661, 1404, 6534, 5812, 4348, 1031, 4457, 8593, 423, 9145, 8062, 5780, 40, 6302, 859, 6943, 7102, 906, 1317, 6801, 4459, 5070, 8287, 9096, 2800, 2628, 4512, 6016, 4164, 1555, 9938, 7957, 7285, 6918, 4533, 1125, 5137, 4613, 1084, 8578, 6004, 602, 2077, 3628, 8119, 5155, 1154, 3255, 4549, 6689, 8884
3131, 9324, 5168, 4635, 5205, 8055, 789, 1152, 3375, 6266, 9655, 6161, 2740, 6506, 4513, 5754, 3152, 919, 5261, 7629, 8341, 9430, 900, 8349, 7773, 4932, 1887, 7703, 9560, 5950, 9415, 4987, 9256, 4142, 6078, 6548, 1160, 8681, 548, 1310, 5890, 2093, 7470, 1150, 397, 2432, 2558, 5963, 4348, 4802, 2089, 9084, 9872, 1213, 5398, 7292, 2, 1485, 8793, 1060, 4862, 9497, 9372, 4957, 3619, 8485, 7641, 5114, 4538, 6236, 8538, 547, 5089, 6115, 1479, 7795, 8995, 2592, 1423, 3792, 7351, 653, 4536, 194, 6496, 6871, 4075, 3497, 6193, 6203, 4316, 9167, 7859, 2629, 2992, 4773, 4070, 3662, 5576, 6609
7382, 8426, 7968, 6688, 8623, 6518, 7675, 2124, 2241, 215, 7396, 6921, 9052, 5686, 9092, 6950, 4757, 9831, 1071, 2540, 6010, 8146, 5396, 9480, 4455, 5555, 8022, 8488, 3182, 6563, 9450, 5240, 9332, 3247, 9419, 7886, 1216, 9662, 5160, 6674, 8240, 9003, 9098, 762, 7164, 5548, 8527, 586, 8800, 6827, 6729, 291, 5098, 2719, 2325, 3583, 7769, 7288, 1186, 8164, 6079, 5989, 3167, 8388, 3262, 5646, 4134, 3175, 8114, 7052, 2254, 6359, 752, 405, 6399, 9635, 9299, 1908, 3617, 4070, 7261, 5800, 2137, 4713, 9787, 9889, 6104, 4312, 646, 4162, 8353, 6305, 753, 1498, 7936, 4357, 3414, 6663, 9804, 5529
1026, 4792, 5100, 6838, 2959, 3398, 1834, 458, 4539, 2543, 7377, 1098, 2647, 6304, 6167, 178, 4283, 4893, 8289, 5370, 665, 862, 7203, 785, 893, 4737, 7757, 2613, 6033, 5085, 8866, 7416, 6578, 5556, 8761, 5387, 3715, 6757, 4519, 8921, 7508, 3930, 1787, 7593, 3225, 2400, 5015, 4265, 366, 1453, 3352, 3448, 7649, 3947, 2394, 2281, 1201, 3282, 7396, 6531, 2501, 1598, 9289, 8857, 7257, 3046, 827, 4268, 6315, 3831, 6568, 8172, 4941, 6331, 7019, 5694, 7402, 8057, 4246, 7074, 9591, 7490, 3531, 2843, 3678, 7877, 3223, 4206, 5216, 6977, 2866, 8636, 4974, 5433, 7868, 7979, 4860, 8953, 7523, 6595
9748, 9822, 2007, 9996, 4763, 1380, 3168, 250, 614, 5058, 3334, 3028, 7983, 3336, 6184, 2579, 5594, 3538, 3799, 5140, 5639, 6770, 4401, 8352, 4514, 3520, 6014, 4078, 6437, 2426, 2303, 4706, 2463, 1557, 8192, 8500, 7655, 2173, 4481, 7818, 4709, 3393, 2697, 5180, 3233, 2447, 3641, 6025, 12, 9267, 5705, 3761, 7151, 6051, 1942, 2244, 1726, 2137, 8042, 3168, 2745, 2032, 6963, 1031, 8622, 9765, 9724, 6291, 1129, 5855, 6083, 8156, 9832, 4164, 3249, 2024, 4395, 4614, 5560, 3015, 833, 4378, 3165, 6276, 1738, 4493, 3105, 6758, 9889, 1061, 1968, 6045, 9188, 217, 5238, 1460, 6864, 3849, 4865, 3159
6103, 8709, 3207, 8214, 8808, 4985, 8430, 6794, 4090, 1679, 3781, 4465, 9250, 5186, 707, 6355, 6514, 4384, 3672, 3472, 598, 218, 2797, 8838, 9271, 272, 8907, 1216, 1564, 9169, 4455, 7261, 5966, 3741, 2923, 8631, 4030, 7882, 8753, 9278, 3191, 5747, 9676, 9494, 6259, 3534, 3335, 7559, 4041, 9471, 558, 6837, 1890, 8831, 8311, 6067, 542, 5792, 6399, 3221, 6594, 6808, 3327, 8799, 8157, 771, 8363, 2730, 6841, 9691, 8847, 120, 8034, 9897, 4006, 5044, 7671, 7818, 9191, 8277, 5153, 6295, 7297, 4420, 8885, 7076, 7365, 6204, 3043, 2644, 3896, 8963, 1577, 5855, 4222, 6203, 8235, 9020, 5457, 8009
9422, 4963, 6990, 7629, 104, 1398, 9270, 7994, 1618, 6512, 4721, 9153, 4274, 8027, 2018, 9649, 6919, 228, 677, 9722, 255, 3425, 8932, 1872, 657, 8176, 4207, 4814, 6450, 2196, 2152, 138, 9172, 1359, 7158, 7086, 8237, 7418, 4566, 9789, 8564, 4193, 2342, 3018, 7250, 811, 7922, 7058, 7178, 5312, 4114, 9657, 2545, 4430, 6501, 3181, 3749, 5691, 3592, 8063, 6818, 6086, 149, 9450, 5598, 7555, 3564, 2546, 3321, 3240, 2938, 3547, 3816, 68, 609, 7324, 1658, 2597, 6264, 30, 4833, 254, 4491, 4666, 3115, 5110, 7661, 304, 303, 148, 7343, 1155, 8689, 8638, 9126, 9940, 9695, 3641, 7693, 1152
5485, 2975, 1230, 3689, 2533, 8997, 6878, 9075, 9642, 4480, 1828, 1043, 9677, 5532, 7856, 4576, 6450, 36, 635, 7695, 5564, 5403, 8998, 7249, 824, 2555, 3469, 753, 5834, 4020, 7855, 9936, 3802, 2772, 2444, 8050, 7237, 5022, 2474, 2256, 3223, 4542, 909, 4411, 9255, 8324, 284, 8450, 9261, 3365, 4414, 227, 9332, 2188, 7086, 6142, 7966, 379, 1499, 185, 6146, 2809, 1212, 5127, 8486, 6535, 589, 2504, 7820, 7387, 359, 7769, 2130, 4182, 1788, 1531, 4504, 9163, 1165, 5136, 3936, 5798, 4864, 9053, 7220, 5393, 4042, 5448, 9908, 2080, 7203, 2171, 7405, 1742, 8331, 3959, 5587, 4131, 8036, 8079
4055, 9069, 5295, 5862, 4119, 6963, 7713, 8626, 7884, 1082, 8999, 6330, 4488, 4050, 3325, 9982, 4414, 3836, 7620, 4280, 3073, 5145, 4460, 5281, 417, 566, 217, 8975, 4189, 2107, 5373, 578, 608, 7800, 6508, 1059, 7793, 9942, 2376, 6989, 4014, 1267, 9684, 2127, 4998, 2803, 7720, 4343, 1935, 2545, 4814, 9434, 4578, 7163, 3770, 4217, 1900, 9944, 7860, 4839, 6109, 6902, 3756, 2700, 4543, 9593, 2861, 9596, 7929, 7514, 7893, 5728, 2808, 5209, 7310, 9082, 566, 9178, 6153, 2355, 5396, 7525, 8270, 4067, 8813, 916, 1484, 3804, 8871, 6855, 4270, 7635, 8092, 558, 9765, 8655, 5338, 4767, 514, 9350
3296, 7743, 5282, 7009, 5109, 3351, 7444, 763, 758, 9693, 3015, 8999, 6264, 3041, 5203, 8882, 6510, 1965, 1530, 5485, 5530, 2495, 9023, 6680, 6510, 8934, 2754, 1285, 7389, 6476, 3092, 2268, 6982, 1209, 7440, 3800, 822, 240, 2930, 810, 5549, 9727, 7590, 2386, 5618, 1390, 8815, 5807, 6314, 8738, 9644, 6316, 2648, 2676, 5299, 8827, 4557, 2420, 4708, 1684, 5023, 1729, 4351, 9305, 9211, 2338, 4622, 116, 9551, 6180, 2171, 8493, 3778, 5484, 5153, 4623, 411, 5175, 2208, 4180, 8860, 5120, 99, 457, 9447, 728, 9424, 5275, 1950, 9149, 2596, 1318, 6, 4917, 3344, 7851, 2667, 3243, 2424, 3765
3732, 1376, 9926, 6763, 4088, 8454, 578, 5187, 2225, 2083, 4802, 9426, 3339, 5538, 4928, 3172, 7985, 2898, 2913, 870, 7121, 710, 3223, 6640, 1556, 3842, 2087, 1664, 320, 62, 2253, 1587, 4271, 2591, 599, 2817, 8377, 2377, 4440, 6789, 8538, 2161, 1252, 4243, 6577, 2550, 5660, 7316, 48, 6249, 7007, 5918, 1920, 359, 585, 6213, 8847, 8237, 5725, 3301, 5742, 1796, 4315, 7204, 8675, 2293, 4030, 1145, 7743, 2705, 1617, 3749, 6477, 7586, 2859, 2281, 4600, 6934, 7545, 2335, 6523, 9067, 9717, 488, 8808, 3735, 5720, 330, 6026, 796, 5199, 9051, 5934, 1646, 3084, 1259, 1687, 304, 3787, 9097
936, 8568, 2399, 2860, 9082, 4948, 1492, 4324, 6714, 274, 6280, 5759, 9295, 3751, 5365, 1220, 556, 2072, 9064, 3127, 9716, 697, 2409, 6364, 6647, 851, 5290, 4164, 8425, 7956, 7953, 4929, 5299, 7231, 6083, 6759, 4065, 20, 6002, 6974, 2071, 49, 7243, 7192, 5622, 2224, 6622, 630, 2443, 7911, 5306, 7210, 9030, 9627, 7884, 3786, 204, 5028, 389, 1341, 12, 4735, 2425, 8368, 218, 1062, 7083, 9797, 5066, 5036, 1137, 3828, 8744, 7220, 7215, 4811, 5024, 3826, 9052, 8919, 6951, 3313, 737, 768, 8079, 309, 945, 3388, 5820, 3007, 3547, 971, 1712, 7435, 6696, 3667, 3072, 6995, 3532, 6408
5420, 8462, 8957, 9164, 5299, 6322, 8617, 4359, 8671, 5716, 8155, 8277, 965, 572, 3106, 7195, 984, 7526, 2372, 5701, 2431, 8168, 1118, 4231, 3567, 1808, 2153, 5155, 7675, 8488, 8386, 1977, 4410, 7280, 2754, 4122, 4867, 8043, 6229, 637, 1260, 5776, 8900, 9693, 5466, 5428, 3975, 7209, 9382, 1647, 9571, 7142, 4008, 2284, 8619, 8044, 3529, 6713, 2864, 5305, 5228, 9992, 3023, 6209, 6030, 1754, 3464, 5381, 1717, 4323, 6426, 1499, 5405, 8006, 7777, 2257, 7736, 2781, 3568, 3471, 2437, 4653, 4239, 9952, 7383, 1856, 1213, 323, 3097, 768, 8869, 5280, 7763, 3908, 3355, 9000, 244, 2711, 8585, 6349
328, 5931, 8902, 4350, 8523, 429, 7327, 4972, 6046, 4903, 8131, 7703, 9354, 8661, 2528, 4621, 2574, 6947, 6684, 7709, 5448, 1500, 1975, 7996, 4093, 54, 8422, 8804, 6747, 1316, 3593, 836, 6959, 2563, 902, 5134, 2214, 5489, 3191, 1057, 6858, 2148, 9779, 309, 4383, 6950, 7715, 4828, 5603, 2528, 917, 5824, 6078, 6994, 4043, 3677, 8255, 7628, 1504, 3504, 1222, 1344, 5858, 9242, 3726, 5421, 3947, 9833, 4150, 2950, 3650, 4753, 4526, 6171, 8854, 2494, 4332, 7488, 5368, 4863, 3820, 2308, 5878, 2007, 5931, 45, 7779, 7910, 463, 9669, 3718, 3780, 4104, 3960, 1057, 7234, 5169, 2308, 3064, 8456
2456, 5300, 1659, 634, 3484, 5635, 8776, 880, 8573, 8955, 1006, 9567, 3725, 5078, 89, 564, 7036, 4810, 28, 2204, 551, 18, 127, 8979, 1834, 4991, 2097, 6933, 7328, 5211, 8517, 1540, 2600, 5650, 9399, 5408, 2951, 4429, 3399, 4629, 1560, 9269, 273, 6758, 1290, 3545, 1610, 509, 642, 5952, 7563, 7047, 3921, 2787, 8337, 5481, 625, 4703, 524, 590, 9314, 391, 31, 9138, 6770, 8133, 5309, 2230, 4127, 2377, 6861, 5060, 7829, 6611, 1598, 2167, 4783, 5671, 3515, 5809, 7853, 299, 5377, 7458, 9993, 4317, 9608, 7574, 2717, 75, 441, 6770, 7381, 972, 3523, 2318, 5769, 806, 3632, 7501
9885, 8450, 5942, 7770, 9513, 2954, 1363, 6866, 87, 8512, 1871, 8128, 2761, 987, 7471, 1051, 3147, 7640, 2451, 819, 5140, 9576, 4927, 9036, 1499, 2025, 332, 7152, 3389, 1048, 6452, 182, 6977, 6486, 4911, 7250, 6353, 82, 1571, 7200, 8527, 4554, 6219, 2074, 8084, 4115, 149, 8585, 6175, 9448, 8735, 7917, 970, 440, 4949, 7125, 4425, 8160, 8943, 1215, 3304, 3464, 8240, 3597, 723, 3393, 2888, 4008, 8203, 8121, 8, 7223, 7186, 551, 2548, 2935, 3296, 7894, 7809, 7023, 6228, 9547, 2291, 7087, 3093, 8440, 781, 637, 3277, 3613, 9221, 2575, 8451, 283, 2890, 9738, 2214, 9870, 3691, 4185
44, 6561, 2914, 3623, 1733, 8867, 8779, 6934, 5267, 4296, 1228, 5090, 3261, 2831, 14, 2923, 463, 166, 5918, 5210, 3604, 4832, 9135, 1292, 2914, 4260, 3266, 6077, 8004, 3615, 8191, 1675, 9493, 7785, 145, 3158, 1743, 1307, 2738, 3966, 1394, 3207, 8363, 1329, 978, 3732, 5464, 9773, 6860, 7798, 3493, 1204, 5961, 5565, 3990, 3407, 6312, 4074, 3236, 4866, 2314, 5042, 9166, 2746, 6809, 3090, 2839, 2589, 8519, 5461, 2639, 2841, 5238, 9074, 7631, 4656, 288, 3196, 4977, 7604, 2153, 6381, 5193, 4885, 4980, 4452, 8152, 7439, 681, 2229, 2217, 4950, 1724, 5489, 8657, 3157, 7410, 1213, 3585, 1106
5413, 3538, 59, 9035, 4657, 61, 3709, 7419, 5243, 8134, 6260, 372, 6057, 3604, 2674, 2104, 941, 5107, 9279, 3379, 9861, 5457, 2217, 6068, 2370, 7936, 7817, 7776, 6874, 9362, 9087, 5264, 651, 3705, 5419, 4929, 2441, 9692, 5821, 951, 1489, 3394, 9501, 6889, 4394, 2072, 1479, 4478, 3846, 8710, 5049, 4183, 1376, 7616, 7373, 5664, 9647, 211, 9266, 2703, 8456, 6734, 5329, 6414, 2655, 3927, 5961, 2553, 9449, 1007, 8528, 3633, 7215, 6218, 967, 4197, 7855, 4081, 7452, 8074, 9991, 9094, 2390, 9769, 827, 5089, 5994, 8192, 398, 713, 1948, 9888, 3096, 545, 5245, 635, 7863, 8302, 6228, 8833
242, 3211, 5021, 1444, 6597, 3210, 9114, 3430, 3253, 8898, 5656, 4589, 1037, 331, 9203, 3505, 8769, 4690, 5102, 6921, 7620, 6614, 8478, 4245, 1925, 4553, 8880, 1163, 1053, 5899, 1041, 3332, 1216, 823, 2913, 1021, 5748, 9793, 3184, 8192, 7292, 2531, 1786, 5033, 5585, 6823, 8598, 1211, 100, 4057, 7472, 8244, 7653, 4580, 5002, 3280, 1279, 86, 6060, 3325, 8164, 2098, 978, 8498, 1240, 5328, 2527, 5214, 1164, 2177, 4312, 5417, 2818, 5, 6088, 5908, 3243, 5888, 5618, 2648, 5942, 4559, 1173, 8486, 9884, 3981, 3547, 9201, 208, 9563, 1555, 1972, 1620, 2428, 355, 2404, 4789, 9326, 7689, 1146
669, 1819, 9130, 8746, 7585, 143, 9775, 7895, 1206, 2847, 6468, 5513, 8032, 6690, 1610, 3204, 8940, 2601, 6875, 3547, 485, 2526, 2748, 1406, 8152, 8900, 7698, 3994, 7581, 3185, 9018, 766, 6867, 2386, 5869, 4390, 5512, 2835, 3940, 7028, 3322, 8615, 244, 1934, 5601, 7977, 6065, 9003, 9387, 4857, 5836, 4296, 9113, 4158, 9797, 7816, 9119, 8852, 8730, 829, 4707, 4186, 9719, 3906, 3087, 9220, 2963, 9504, 444, 8816, 975, 8382, 1665, 9784, 3161, 7463, 4762, 3372, 738, 7834, 2927, 2507, 9223, 5495, 3343, 6313, 8306, 4208, 3329, 6282, 1842, 9326, 1271, 8181, 3871, 3841, 1828, 1300, 152, 3053
2408, 1940, 8486, 2252, 611, 1218, 5283, 2572, 391, 8161, 286, 3806, 8096, 7864, 6124, 9369, 8173, 1043, 4488, 7837, 2368, 5687, 6077, 7510, 5522, 3737, 7221, 5340, 5710, 5701, 2087, 9181, 6381, 3959, 5708, 2834, 3405, 1134, 9751, 6645, 517, 3356, 9866, 2491, 2458, 9510, 779, 950, 6367, 6617, 2831, 136, 8411, 8402, 1604, 249, 4487, 8789, 472, 5229, 920, 4565, 4430, 3083, 3539, 1795, 2424, 9411, 1240, 8692, 4509, 4474, 3204, 3603, 9677, 2731, 7308, 509, 9927, 5188, 958, 6052, 6263, 9154, 4556, 1437, 2701, 7006, 2112, 9791, 5076, 5443, 3156, 4556, 2464, 9371, 5026, 7315, 377, 26
4822, 4086, 6536, 5252, 5934, 7575, 1999, 943, 4863, 9117, 2666, 6574, 265, 8136, 8822, 4480, 7639, 8813, 3231, 2077, 9889, 3363, 1527, 8584, 6082, 8827, 2190, 2946, 8209, 9609, 7188, 7674, 8446, 1128, 8574, 4067, 7496, 879, 734, 7929, 7966, 1998, 2802, 1260, 5393, 954, 819, 4680, 3559, 5406, 4619, 7341, 9997, 448, 147, 5978, 2265, 1481, 3933, 2365, 5439, 9764, 2774, 8975, 6569, 2336, 8352, 5898, 2367, 1453, 3447, 8180, 2275, 9938, 3706, 1676, 252, 7915, 6504, 7226, 5096, 3276, 6334, 7500, 934, 2954, 4380, 8233, 6632, 4537, 8446, 5710, 5311, 8140, 8261, 5361, 2881, 6526, 322, 2104
7598, 7467, 5910, 1681, 969, 6053, 5664, 3649, 4063, 6272, 4232, 930, 2243, 514, 8866, 7823, 5651, 2911, 6584, 8290, 2411, 7389, 5514, 8958, 6422, 4143, 7400, 6756, 1877, 8896, 9882, 9427, 2200, 7722, 9139, 8222, 1938, 6506, 5734, 6024, 6365, 8155, 9130, 873, 5016, 2572, 9204, 4392, 2189, 4120, 6320, 6989, 9581, 8771, 5056, 6852, 3633, 8505, 485, 7757, 2929, 3613, 106, 1478, 9027, 4553, 8937, 4203, 7485, 3718, 97, 2782, 4531, 4089, 8264, 5838, 8786, 6106, 8813, 6848, 6812, 6299, 1143, 1116, 5817, 1220, 728, 6265, 6829, 8054, 769, 6315, 6861, 8907, 973, 2733, 9161, 9230, 7936, 1940
6522, 2082, 8912, 7659, 3771, 9026, 8302, 8242, 2096, 5313, 4118, 3628, 9641, 1741, 9895, 3966, 9940, 8038, 6029, 2076, 2176, 2994, 3379, 4920, 5016, 4650, 1094, 5031, 8799, 9852, 134, 1469, 9265, 6175, 3669, 1265, 9648, 864, 5682, 6566, 6986, 767, 9475, 9718, 2794, 4457, 8493, 8398, 7863, 2756, 2904, 5533, 5884, 6677, 6729, 4278, 834, 2453, 1944, 6564, 8634, 1755, 7942, 4860, 4435, 1471, 7041, 705, 3083, 1480, 9277, 288, 1813, 759, 2658, 6892, 1013, 1832, 8224, 2390, 1039, 1094, 2844, 5125, 463, 7880, 6444, 9498, 3921, 8246, 4586, 3373, 5744, 410, 1719, 3015, 8953, 7555, 5240, 1695
7868, 247, 5564, 7316, 6574, 5133, 2828, 6455, 4804, 8770, 6533, 7098, 7405, 5429, 494, 9952, 3487, 5583, 1767, 8769, 6623, 7372, 8903, 3341, 7972, 6821, 1818, 4981, 137, 3835, 2870, 3185, 672, 65, 6285, 3916, 730, 1626, 1020, 4493, 6072, 4350, 314, 7411, 4834, 1753, 9755, 5591, 8852, 6238, 4483, 4542, 3094, 2171, 5324, 2688, 816, 5427, 3123, 9754, 399, 7753, 278, 4473, 3555, 5884, 8617, 7146, 3526, 4704, 3116, 9609, 6251, 974, 1703, 5007, 7080, 9139, 2387, 2469, 533, 3549, 326, 7215, 876, 2069, 9055, 4967, 6808, 4503, 2093, 587, 4447, 5503, 3413, 4830, 8977, 5733, 7837, 9789
6815, 6900, 5328, 3175, 6946, 6014, 6366, 3914, 2224, 1702, 9111, 6729, 8849, 748, 2906, 1313, 4964, 6168, 6806, 2552, 7405, 9060, 6301, 1792, 8974, 5238, 6173, 5614, 7304, 4239, 2486, 7781, 378, 2654, 2170, 2071, 3059, 5970, 4293, 8561, 3625, 3063, 3217, 3600, 9219, 5366, 116, 4167, 4381, 8330, 6019, 640, 7368, 6246, 6478, 8055, 4862, 2787, 5261, 4894, 6822, 8657, 2040, 145, 9749, 4650, 6945, 3932, 8433, 3113, 3090, 4338, 3362, 3312, 6663, 3267, 3423, 6515, 3051, 7100, 1251, 4767, 6598, 3740, 1652, 3244, 1048, 6235, 1878, 9867, 7542, 4563, 6245, 7397, 7068, 1424, 6536, 2651, 4715, 4889
3979, 4639, 3764, 650, 8186, 8469, 8680, 9241, 3360, 4656, 7426, 9106, 2371, 4130, 5136, 4669, 4785, 7675, 3177, 9674, 5868, 4792, 9892, 9965, 9724, 1043, 1908, 6608, 1241, 4840, 7787, 9818, 8317, 4319, 9020, 6479, 7964, 2450, 6877, 9225, 7313, 3879, 7489, 3031, 3283, 94, 1646, 6043, 2760, 498, 307, 5005, 8459, 5694, 1551, 2006, 4360, 5884, 9823, 8569, 8587, 1659, 3686, 5078, 904, 6648, 4049, 8434, 6630, 1527, 844, 8486, 8700, 6679, 2439, 4257, 4843, 6450, 8786, 4279, 7410, 1409, 6201, 1454, 9250, 6228, 8983, 1779, 209, 9939, 676, 7996, 5337, 2142, 5635, 3761, 7676, 3498, 9823, 1311
5628, 1293, 8252, 5720, 7344, 1227, 5340, 1882, 2302, 4689, 3591, 6079, 3305, 6742, 5483, 2651, 517, 3790, 3222, 7681, 2795, 1477, 1089, 5817, 617, 2759, 5536, 3433, 9178, 3268, 8877, 1150, 9862, 6124, 3462, 1430, 3225, 1151, 4541, 2404, 6867, 4090, 1697, 7431, 7125, 9870, 679, 936, 4405, 225, 9729, 5031, 8121, 51, 7113, 8141, 8738, 8748, 9446, 6377, 1200, 2529, 3613, 793, 6141, 1140, 8625, 8783, 2742, 7806, 7586, 5897, 9782, 4311, 4076, 5103, 9553, 4105, 1758, 4163, 2626, 5046, 745, 8193, 174, 14, 9392, 3682, 4519, 7958, 5556, 2340, 7911, 184, 7078, 7934, 4131, 6673, 7286, 6991
7475, 5054, 7635, 4700, 8898, 476, 6258, 632, 9655, 8099, 8172, 5010, 8657, 1143, 145, 5189, 938, 6554, 831, 3697, 1108, 7183, 4669, 3777, 7497, 4108, 6264, 5683, 9795, 5224, 488, 7170, 5441, 6536, 2380, 4593, 7742, 760, 65, 6824, 1767, 3742, 3400, 2783, 2438, 2995, 793, 4824, 2906, 4210, 6760, 4410, 306, 1002, 3180, 3592, 291, 308, 7895, 5622, 1347, 929, 5376, 717, 4857, 5448, 5456, 8481, 7092, 6479, 7834, 6745, 4880, 6567, 1986, 7725, 7567, 7386, 4390, 6303, 4083, 7906, 7602, 1952, 5388, 3116, 8553, 5386, 9412, 4567, 6721, 3354, 7695, 1522, 6300, 174, 398, 6820, 363, 2575
9051, 4679, 9151, 5215, 4523, 8645, 9079, 7818, 1000, 6616, 3834, 1348, 5503, 6468, 4036, 9787, 6426, 187, 7302, 6199, 3896, 6594, 6304, 6571, 9392, 2799, 8417, 2600, 1957, 2286, 6879, 5076, 3616, 3223, 76, 2804, 7150, 3989, 2479, 8099, 5247, 4214, 8070, 8822, 1235, 8658, 4667, 8644, 8109, 8174, 5465, 1752, 4335, 6680, 2315, 5600, 2079, 5575, 3797, 5439, 5905, 7362, 9975, 7352, 7750, 8376, 4871, 2325, 7023, 6453, 7174, 2454, 3067, 3151, 9443, 1843, 893, 1691, 6188, 8953, 70, 1174, 1586, 4198, 1007, 4845, 8319, 6469, 2434, 5156, 27, 4889, 8853, 1223, 1234, 7623, 6959, 4898, 233, 7827
5596, 133, 2383, 7935, 4671, 6555, 3555, 7406, 4645, 2268, 6049, 5771, 9703, 2755, 2195, 2359, 4515, 2485, 4072, 6455, 6622, 3293, 1310, 6771, 3906, 8974, 2765, 7143, 9358, 8629, 2017, 6093, 3404, 2268, 1093, 1563, 7413, 920, 1614, 8502, 726, 95, 7623, 6216, 7489, 9800, 9782, 4473, 8919, 6529, 6307, 2146, 1237, 2650, 2073, 9901, 9428, 6429, 3620, 8879, 2249, 1576, 4468, 628, 4441, 8637, 2107, 9634, 7990, 1821, 5291, 8735, 5444, 3914, 7870, 9402, 4817, 8840, 3278, 3439, 7374, 6086, 2028, 9998, 6755, 3769, 3070, 1953, 300, 7388, 8707, 8695, 1187, 9504, 1948, 8159, 3053, 1466, 4579, 9525
7141, 2126, 4073, 9445, 5694, 23, 7502, 8863, 4306, 4892, 1033, 4560, 258, 1594, 4301, 9389, 3475, 4524, 9982, 7835, 1681, 3407, 213, 9033, 1560, 2020, 3166, 7627, 3315, 9819, 5057, 4004, 6841, 2713, 5114, 9323, 3961, 3306, 3655, 7492, 2626, 2802, 6296, 5786, 5815, 6474, 542, 8175, 9974, 2095, 4526, 554, 5264, 6077, 1511, 5094, 2655, 5165, 7905, 1678, 921, 2508, 7025, 8031, 1, 5675, 5592, 6535, 5838, 755, 5048, 4970, 5824, 1077, 5193, 462, 3286, 1276, 3313, 751, 4045, 7421, 8054, 4586, 8040, 1797, 3583, 3520, 4231, 6497, 6251, 665, 7566, 3488, 2943, 8073, 2664, 41, 7558, 3334
29, 7497, 9653, 7696, 7142, 8226, 7201, 2568, 8541, 333, 3606, 8603, 6154, 2171, 7658, 1744, 3557, 9055, 3933, 3576, 5595, 2685, 321, 9133, 7832, 9757, 8788, 3902, 8700, 9983, 5297, 3187, 864, 5321, 4861, 1221, 7344, 1597, 8135, 4465, 2220, 911, 6644, 3368, 5378, 8201, 4773, 9551, 5677, 8196, 8004, 830, 7170, 9591, 8494, 4818, 8572, 1760, 1096, 2906, 7008, 5533, 5173, 388, 3304, 3699, 145, 5177, 7532, 8715, 5619, 7138, 362, 4858, 160, 2388, 7861, 9520, 6284, 2104, 4838, 3701, 3093, 3339, 4572, 4862, 2135, 142, 797, 6285, 6500, 6897, 1211, 5793, 7987, 2182, 454, 3316, 2230, 713
4475, 1119, 7068, 2943, 7543, 2753, 5199, 6768, 7753, 6752, 8123, 3449, 6815, 8963, 4769, 325, 5177, 3016, 4829, 6205, 4057, 1868, 3775, 1413, 1852, 4649, 3832, 3380, 3572, 2091, 2755, 422, 8426, 703, 167, 848, 2510, 562, 9402, 1933, 664, 4098, 1378, 3444, 3976, 3563, 5784, 3361, 7195, 3030, 4104, 9280, 3328, 6689, 8378, 7529, 1092, 8984, 9441, 3481, 4579, 3708, 8445, 776, 3446, 8550, 5846, 4179, 6315, 8782, 2800, 685, 9607, 8801, 894, 6131, 9046, 3041, 7497, 48, 1246, 8429, 5665, 9806, 8397, 8976, 9486, 6161, 9909, 9391, 8048, 6289, 1066, 8636, 3769, 7054, 230, 6273, 3763, 862
2951, 4095, 6104, 8757, 3448, 3107, 6379, 607, 1363, 1176, 3783, 204, 4426, 9871, 116, 3883, 5747, 9903, 9541, 4875, 7793, 3385, 1733, 2033, 3809, 7657, 6112, 777, 1421, 9848, 281, 6170, 2485, 3517, 1495, 2871, 7852, 8729, 6004, 4390, 5641, 4760, 7453, 4538, 6884, 238, 2195, 7267, 2939, 8991, 6289, 7191, 4945, 1117, 6285, 1989, 6775, 7890, 3439, 9641, 9440, 5961, 8943, 7967, 6696, 1050, 5919, 1298, 8729, 3810, 2507, 9290, 3227, 872, 9168, 5835, 894, 2225, 2500, 1864, 5502, 2008, 7322, 4391, 6972, 3587, 8545, 5593, 9632, 1319, 4462, 9942, 6806, 836, 3457, 4447, 7207, 6830, 6874, 6909
8183, 2384, 1801, 9776, 5863, 6656, 8855, 2638, 2424, 8423, 1715, 4722, 6312, 1373, 7116, 9827, 2088, 3355, 6269, 66, 2759, 5816, 1304, 1515, 8956, 1578, 3167, 4385, 6119, 8780, 701, 2736, 2960, 6341, 4072, 3850, 1944, 1594, 9625, 5431, 5210, 3910, 7343, 9527, 7479, 9050, 6576, 5723, 806, 7756, 477, 2530, 4757, 8667, 4666, 5160, 9570, 11, 1040, 9879, 9148, 6758, 3379, 25, 5393, 9889, 7385, 6410, 5279, 2281, 4188, 5316, 7332, 1339, 2930, 597, 4735, 1953, 5075, 2488, 8140, 4613, 304, 4628, 2459, 2597, 1494, 2578, 8391, 9014, 4138, 1590, 1260, 9208, 3811, 8797, 6850, 6518, 3788, 5123
6350, 9704, 3767, 5198, 278, 8526, 9798, 9377, 4312, 9845, 4997, 517, 8301, 447, 361, 9642, 3436, 4297, 5145, 8800, 1549, 1360, 6596, 6492, 4805, 2313, 9619, 901, 3684, 8460, 7914, 8792, 6072, 9014, 9517, 3467, 524, 8536, 1270, 3429, 2335, 5740, 8773, 4503, 1894, 1194, 581, 2116, 1012, 5447, 8050, 7119, 4383, 1055, 5107, 8114, 148, 1641, 5432, 5572, 5675, 8655, 8086, 8228, 2054, 1803, 6440, 179, 3604, 2273, 9401, 7932, 6698, 8799, 8429, 237, 5612, 5413, 8576, 9969, 1770, 6244, 6886, 6524, 6763, 7173, 6895, 9281, 8813, 6299, 3679, 7486, 6981, 5213, 9919, 9616, 7356, 878, 9799, 5735
679, 3566, 4202, 9672, 1457, 9737, 7620, 3922, 4441, 4, 4490, 9119, 5564, 1425, 233, 1626, 913, 196, 195, 7363, 9106, 5582, 7881, 7322, 9586, 8377, 2425, 387, 1751, 7538, 4039, 2067, 7615, 6761, 5377, 3538, 3709, 8716, 6178, 3974, 6348, 8419, 8355, 602, 8025, 8794, 8751, 5096, 1730, 852, 7231, 2017, 4261, 8122, 8438, 4811, 9244, 9984, 6616, 7584, 5485, 1348, 4197, 6318, 6548, 6802, 6542, 1515, 2978, 5751, 7147, 5330, 9485, 1372, 9938, 186, 5577, 247, 7836, 2594, 9611, 1451, 9696, 5431, 3067, 3542, 924, 4299, 3928, 5429, 6606, 8734, 5535, 2415, 9822, 7021, 9966, 1825, 1960, 4180
3102, 3610, 6327, 6258, 1885, 56, 1102, 499, 2941, 5297, 2793, 199, 5773, 9726, 6730, 5067, 3004, 6602, 6876, 2800, 4779, 8132, 3219, 5216, 4370, 6165, 1389, 2785, 7269, 8242, 5767, 4694, 6616, 3209, 4314, 7657, 3657, 1854, 655, 5638, 3148, 7098, 6497, 4343, 74, 5167, 5397, 8908, 5883, 3852, 7085, 554, 9550, 6492, 85, 8129, 1209, 614, 9218, 3474, 3855, 8333, 3701, 5296, 1636, 1521, 1043, 4871, 1685, 8552, 1704, 8297, 49, 975, 9564, 4242, 1338, 7862, 3666, 3201, 5974, 2785, 7388, 4083, 8554, 3359, 2251, 6664, 5785, 6149, 4885, 3888, 2679, 329, 7330, 6299, 1247, 1967, 2826, 1991
6825, 7052, 1510, 9379, 3320, 5444, 3013, 6828, 175, 9835, 5887, 2699, 644, 3479, 6959, 1748, 3114, 7992, 7282, 8969, 4600, 7799, 5143, 9948, 8336, 1003, 781, 7585, 5382, 7324, 1896, 8663, 3601, 2585, 3841, 123, 5980, 5742, 3433, 4180, 4304, 8881, 770, 3407, 3492, 2758, 9098, 1806, 6506, 521, 8861, 5523, 9687, 12, 8336, 7373, 3625, 759, 9969, 2596, 5214, 5123, 8445, 9393, 2406, 4423, 3823, 6713, 4392, 9848, 651, 3453, 6375, 4905, 1867, 7828, 9984, 835, 4527, 2966, 7412, 8914, 2898, 5001, 9870, 3932, 3312, 2867, 8629, 1214, 4324, 4828, 34, 5546, 5167, 5358, 4195, 4094, 5300, 7407
779, 7011, 7894, 9317, 4293, 8764, 544, 2703, 5584, 462, 7172, 7448, 5861, 8436, 6129, 2646, 4523, 7170, 846, 7794, 2280, 5295, 1022, 6828, 6641, 1831, 4300, 8708, 7683, 6093, 678, 2151, 8231, 8776, 4460, 8881, 4039, 3598, 1468, 9259, 6396, 8587, 2465, 6534, 1680, 3616, 7224, 1135, 9829, 6084, 7550, 4366, 6437, 9818, 1711, 1689, 1224, 3171, 7164, 9373, 9046, 1095, 3289, 4697, 8217, 2508, 879, 9129, 4990, 8672, 576, 5949, 2290, 499, 8127, 8631, 5439, 2704, 386, 3953, 7544, 553, 2291, 4323, 2452, 581, 1739, 7039, 3747, 113, 6203, 4375, 4112, 1669, 2234, 7226, 591, 7417, 6584, 6848
7746, 5715, 5560, 3702, 2545, 6479, 7462, 9823, 1902, 4640, 1456, 1257, 6249, 1251, 5106, 110, 251, 9952, 1888, 1539, 4835, 2460, 9529, 9626, 3065, 490, 9746, 7466, 6104, 3085, 74, 1066, 4447, 7753, 8846, 3661, 3978, 951, 5147, 6932, 5971, 8513, 6520, 8248, 5118, 9422, 8621, 8565, 9899, 6952, 2595, 3877, 5156, 9672, 7959, 4244, 7638, 1052, 1038, 8309, 1416, 490, 1578, 7976, 1601, 453, 3067, 7430, 1581, 4133, 5524, 3069, 1133, 5525, 3007, 6040, 173, 9160, 1965, 7098, 5672, 9851, 685, 4261, 7309, 3761, 4557, 7351, 810, 881, 6657, 9931, 6602, 5532, 8226, 8373, 5400, 5957, 9047, 9820
1655, 6187, 3392, 5696, 409, 3454, 3295, 5027, 3044, 2179, 7183, 2371, 2637, 1248, 8599, 8413, 208, 4701, 6678, 7386, 9005, 7248, 7338, 4414, 5162, 5059, 1713, 7583, 9549, 9219, 6276, 4089, 7448, 3870, 7296, 7180, 9803, 3618, 817, 756, 2231, 5090, 8159, 1483, 5716, 5663, 6122, 4065, 5966, 8320, 505, 3908, 6791, 5382, 1360, 2861, 6535, 5390, 8463, 7897, 5582, 6847, 5890, 9690, 7284, 9682, 5317, 7850, 4243, 334, 8659, 2293, 6861, 9178, 2026, 5649, 1261, 9624, 4612, 9950, 9278, 6703, 8092, 1905, 4072, 9182, 4396, 5017, 1102, 3344, 2297, 3501, 5689, 8438, 6151, 2511, 5202, 3519, 3366, 1553
6035, 2888, 668, 3092, 2950, 2676, 3084, 6382, 1129, 4256, 3727, 7300, 9310, 1094, 6904, 8599, 5790, 4432, 1868, 1390, 7703, 9762, 9598, 7905, 8033, 414, 421, 7624, 4089, 6822, 5975, 3712, 5806, 9989, 5056, 4367, 2163, 5541, 9217, 4175, 9249, 367, 655, 3836, 4081, 7294, 1861, 2752, 4121, 4511, 3800, 7866, 3642, 5534, 6979, 3881, 4580, 2366, 7647, 4526, 1318, 9228, 9585, 1882, 5955, 6739, 498, 959, 3070, 6728, 807, 9684, 700, 6038, 1843, 267, 7348, 3564, 9874, 6476, 3172, 8609, 2172, 2831, 7197, 127, 1447, 5889, 1414, 5886, 5332, 4884, 6876, 7722, 8339, 8808, 6595, 4092, 4742, 9704
4910, 3968, 2152, 7408, 3278, 6706, 7225, 9278, 7991, 1023, 6890, 9536, 6175, 2435, 774, 6791, 2633, 2603, 3070, 5012, 1562, 5908, 5021, 2778, 4006, 8282, 2373, 7977, 4005, 820, 5708, 305, 3850, 6041, 5381, 1871, 1573, 7760, 6947, 7032, 1897, 6550, 7433, 6159, 5192, 1438, 7559, 4489, 7708, 5153, 142, 6386, 319, 4544, 273, 7446, 2338, 36, 8607, 1680, 1576, 7973, 5095, 8700, 1742, 7551, 6870, 6304, 3537, 9623, 603, 7154, 6347, 8182, 6641, 4339, 3305, 6510, 9495, 9524, 3685, 9116, 6849, 9130, 3064, 7424, 7145, 8530, 3524, 1908, 4036, 1568, 3257, 5843, 4481, 2930, 7388, 6205, 6158, 3824
9560, 5339, 8957, 7236, 6898, 3017, 4813, 7645, 9316, 2208, 9923, 1471, 7840, 3508, 3437, 8784, 5588, 2533, 7167, 3817, 9372, 1770, 1519, 1703, 9502, 3426, 3929, 1510, 292, 2584, 7365, 1122, 4039, 667, 8173, 7824, 6771, 7616, 4445, 9525, 4945, 7460, 8404, 5501, 8475, 6046, 8877, 2232, 6914, 1546, 2819, 9485, 2486, 8094, 8076, 4124, 5721, 387, 3089, 4296, 6928, 2422, 3103, 4638, 9453, 6662, 6546, 3912, 8731, 896, 9772, 118, 4527, 8783, 3078, 4499, 2424, 6673, 6030, 5140, 4620, 3671, 5517, 2847, 9392, 4097, 5669, 6894, 3221, 1522, 4804, 5856, 9495, 1379, 897, 9245, 2934, 4768, 3727, 8943
9478, 9540, 8811, 5555, 7206, 5991, 5515, 3684, 5065, 3585, 9313, 1885, 2659, 1986, 6082, 7593, 6180, 4398, 4505, 4664, 2662, 3719, 1211, 1340, 7177, 2317, 2101, 9432, 5337, 4403, 2456, 1293, 6525, 5889, 7903, 9769, 1639, 413, 8069, 7727, 2829, 1755, 4868, 7989, 1683, 2271, 7726, 1539, 6635, 4163, 8815, 1725, 9994, 5423, 2343, 4844, 9905, 5076, 3308, 2985, 2818, 3047, 2784, 3275, 7588, 8348, 8747, 8799, 3185, 5602, 3733, 369, 8211, 3958, 3223, 5046, 1868, 4353, 1525, 6866, 2876, 761, 5157, 7567, 4912, 8599, 7238, 286, 4613, 8749, 274, 7167, 901, 8833, 8809, 2626, 2470, 4285, 7950, 7600
3611, 550, 8488, 6545, 7276, 4299, 4462, 8159, 8230, 5941, 4403, 2867, 8484, 7908, 3195, 4937, 1801, 3194, 7539, 4770, 4003, 6457, 4329, 7401, 1052, 5630, 7899, 6505, 7442, 5429, 9062, 9348, 3281, 5399, 6161, 6998, 9675, 4233, 5891, 5867, 8453, 8963, 9605, 1190, 4143, 2322, 8999, 390, 3181, 4100, 3595, 4459, 7800, 2624, 1294, 8452, 9753, 635, 2421, 7985, 2132, 5773, 7121, 7245, 5860, 9656, 5780, 5400, 1150, 1099, 2201, 2580, 3209, 8407, 9680, 3582, 5771, 2871, 834, 7352, 5659, 616, 3070, 2940, 6514, 2756, 2898, 8107, 69, 4459, 3974, 5050, 8908, 1974, 5688, 8827, 5506, 2904, 1419, 7972
8543, 9136, 8137, 3510, 8978, 3654, 1955, 2134, 5156, 2226, 7448, 1672, 8370, 8414, 2044, 2098, 7699, 5709, 693, 3361, 5729, 3715, 112, 2085, 4764, 6252, 6397, 2773, 6570, 8019, 4562, 5603, 7310, 3015, 3661, 2100, 3375, 2321, 6520, 2027, 3094, 1008, 8865, 9684, 3931, 3998, 8614, 5478, 4716, 8474, 2470, 9090, 7688, 6107, 3576, 3873, 5701, 1794, 986, 8207, 5795, 6874, 8950, 8467, 1528, 3862, 1624, 9961, 2969, 6594, 6700, 6770, 5015, 4440, 9677, 8756, 1882, 1669, 9003, 4164, 7985, 3444, 1176, 9244, 3209, 8016, 4021, 2089, 3618, 648, 5847, 6509, 7008, 8564, 7935, 3145, 6406, 7781, 7923, 9297
3606, 2071, 2036, 5952, 9129, 1499, 4833, 354, 4640, 2988, 6158, 5139, 8754, 8193, 6329, 517, 7428, 4588, 2245, 4295, 5690, 4129, 9061, 5619, 8323, 107, 4336, 2241, 3293, 6886, 4174, 7841, 3231, 9097, 3765, 5479, 7051, 6564, 7933, 5594, 5939, 8738, 857, 2159, 5353, 7751, 7934, 8538, 7429, 2326, 6917, 5430, 6258, 5719, 9941, 6843, 1834, 9666, 2790, 6505, 7189, 2819, 2877, 6288, 7211, 6601, 2796, 323, 6943, 3567, 2014, 3301, 1783, 3388, 5311, 9122, 1953, 9382, 2901, 6549, 8818, 4171, 3807, 1807, 1212, 6464, 1075, 4163, 5815, 2257, 4609, 9450, 6755, 2781, 5080, 8220, 6158, 8436, 191, 9765
9143, 2644, 2846, 564, 3889, 2055, 9269, 5934, 9833, 9854, 3957, 6584, 4791, 7096, 7513, 7611, 4874, 2877, 2862, 6041, 9416, 7963, 5130, 4469, 6823, 8052, 545, 2546, 6248, 2215, 140, 5137, 4304, 9286, 4721, 5794, 5639, 9966, 8619, 6882, 1130, 5218, 1067, 3156, 7711, 2191, 5689, 3885, 9386, 7337, 558, 9726, 9860, 2648, 3567, 4459, 3403, 5023, 417, 8427, 2046, 651, 5446, 69, 4028, 5986, 8744, 4280, 523, 4423, 6494, 1502, 5106, 3083, 5346, 9434, 3178, 7251, 5775, 30, 6592, 992, 3815, 8060, 2141, 1167, 5372, 3936, 1198, 8716, 2385, 2711, 1829, 5394, 5494, 3232, 3998, 6394, 3624, 6245
3087, 9267, 6873, 7945, 6905, 7390, 5477, 5927, 6599, 1864, 4227, 7798, 2424, 9155, 8721, 8788, 1221, 3084, 7081, 3656, 3607, 8812, 8354, 9863, 5405, 3369, 6739, 3582, 9616, 1964, 8964, 7406, 2383, 1834, 689, 8851, 8812, 5692, 6626, 1666, 2265, 5000, 8241, 7784, 3788, 9209, 2345, 6360, 6727, 877, 3670, 7734, 5242, 8173, 4606, 4400, 4439, 5611, 5677, 8102, 4136, 1107, 1055, 2023, 7913, 2426, 4427, 9716, 4015, 8920, 1858, 7884, 4919, 5098, 9984, 8423, 7944, 1004, 9771, 6240, 148, 662, 8411, 3263, 6933, 3874, 4470, 5818, 5272, 8608, 4329, 2053, 9299, 838, 1165, 8467, 8079, 6271, 1230, 9760
2864, 3670, 6056, 4198, 3833, 2652, 3325, 7484, 4399, 9760, 3647, 1714, 4535, 5393, 5221, 2432, 3237, 722, 3484, 6025, 4247, 8136, 8218, 1709, 8470, 930, 6329, 7265, 1128, 7983, 4505, 5296, 1628, 6969, 2331, 7292, 9373, 5303, 3058, 6061, 9282, 1465, 6219, 3193, 6694, 587, 3519, 7149, 2453, 7285, 7063, 9275, 5525, 5596, 6844, 9607, 2268, 562, 2641, 1664, 8600, 8530, 4021, 5603, 3760, 3554, 944, 2098, 2079, 5425, 6637, 5070, 2238, 777, 3877, 24, 1886, 2526, 5578, 6154, 9126, 4414, 668, 4598, 1416, 6855, 6667, 2292, 6705, 7471, 1046, 686, 1276, 4692, 4519, 1290, 3652, 5651, 720, 5476
4233, 210, 8398, 4242, 5806, 1423, 4195, 4793, 1023, 8980, 6378, 4643, 9061, 6273, 2466, 731, 5192, 3581, 6584, 556, 3821, 9600, 5631, 4684, 7624, 1027, 6808, 5171, 2898, 5241, 2962, 2397, 3932, 4261, 6292, 3619, 7305, 9101, 5469, 134, 367, 2413, 5964, 6387, 6830, 3862, 8499, 3551, 6418, 7082, 5908, 2186, 4813, 9252, 4413, 3398, 4748, 4335, 1376, 5626, 9051, 8847, 7868, 4627, 1660, 4676, 1112, 7544, 3224, 6880, 8761, 8032, 3726, 5697, 4290, 8347, 5783, 1040, 353, 6005, 8767, 4643, 4843, 7208, 5678, 9736, 2635, 6513, 1835, 614, 4489, 2478, 6884, 4800, 3451, 1903, 9362, 8638, 8223, 1160
6100, 3099, 2440, 1637, 7149, 327, 8584, 7798, 557, 3055, 5319, 544, 346, 8366, 7470, 5629, 5341, 4522, 8551, 6716, 6098, 4534, 6795, 5358, 2153, 3018, 6948, 5621, 2014, 3501, 1785, 9401, 3906, 1769, 9222, 9561, 6129, 7133, 3193, 1945, 2087, 7566, 9061, 4052, 6519, 6507, 7216, 7683, 6293, 8888, 1724, 5250, 1230, 1388, 4429, 4576, 7849, 7283, 8741, 5013, 1696, 9382, 1492, 8488, 1934, 5473, 5712, 2693, 5295, 9493, 1939, 44, 5116, 8170, 782, 5278, 5226, 7312, 4842, 6576, 7727, 4071, 3811, 9975, 8348, 1565, 2617, 4489, 2968, 14, 8772, 5830, 4164, 4242, 1788, 9921, 7184, 766, 4441, 3500
612, 9043, 2975, 8020, 8203, 427, 893, 4771, 4808, 5357, 8913, 3726, 1168, 3919, 1856, 5919, 9438, 7505, 1775, 9369, 3760, 9544, 5459, 1523, 7926, 1480, 3605, 6973, 5243, 6076, 8415, 7839, 4076, 3895, 6135, 5587, 6233, 386, 1172, 7309, 4329, 385, 8783, 6513, 8613, 4040, 4082, 8339, 3307, 3168, 6118, 1776, 7497, 9891, 7111, 6929, 5806, 19, 8589, 3690, 9674, 2104, 8148, 9257, 915, 9347, 2790, 5865, 5428, 5607, 7438, 6828, 6397, 8644, 70, 8517, 3162, 3452, 8181, 8278, 4026, 5994, 4761, 3422, 8729, 3042, 5844, 4445, 9026, 6892, 5825, 6376, 3900, 4722, 1207, 5803, 9283, 1096, 8200, 7503
856, 8692, 4710, 3859, 2486, 6728, 2636, 2268, 2154, 8734, 2107, 617, 1881, 1364, 5323, 8545, 8045, 3720, 3999, 2716, 3771, 2334, 1071, 7594, 5586, 380, 4254, 9333, 2456, 950, 6366, 9294, 6442, 3307, 4878, 5456, 761, 7907, 1065, 4485, 2805, 678, 7364, 4637, 6817, 9568, 28, 9775, 3332, 6663, 3057, 7814, 263, 7365, 8481, 2658, 3528, 3998, 7583, 7315, 3535, 5042, 7390, 7297, 7475, 2706, 6867, 7629, 6397, 973, 7641, 3824, 336, 3437, 4797, 7072, 4386, 5261, 4315, 6504, 3535, 6400, 5054, 6921, 4337, 3880, 4839, 8626, 7035, 9373, 2165, 7138, 2639, 4546, 7320, 4456, 5621, 761, 9304, 276
4403, 1574, 7828, 1120, 8614, 6175, 2887, 7667, 4198, 9435, 7933, 5756, 4917, 9525, 6497, 4507, 1508, 7241, 6283, 5795, 7813, 2078, 9187, 2919, 6600, 8883, 510, 2716, 6429, 5482, 5682, 4612, 4945, 6053, 8246, 2131, 3283, 7221, 8538, 7236, 861, 3872, 8551, 5555, 9818, 9473, 4783, 1017, 3546, 1357, 7537, 1697, 4353, 4857, 2094, 4806, 1168, 1439, 4470, 7646, 9346, 5048, 2028, 3106, 1167, 7785, 7152, 2785, 7400, 716, 369, 8214, 7435, 8115, 7859, 794, 7916, 3795, 7110, 4049, 7548, 6277, 3635, 7590, 8814, 5535, 1127, 788, 5700, 7778, 7220, 5558, 222, 6326, 7068, 1907, 9511, 6015, 7419, 6920
9571, 5762, 4507, 7721, 1377, 8925, 173, 1606, 9987, 3933, 1899, 2036, 7512, 8278, 4155, 7454, 6406, 7409, 370, 1001, 362, 6351, 7146, 3121, 6321, 5902, 4894, 5777, 2546, 7198, 2010, 6531, 4583, 8079, 2876, 3112, 2987, 2247, 3535, 4231, 4162, 7498, 2704, 430, 8405, 2450, 9944, 9485, 7277, 2154, 7285, 4534, 5826, 1712, 5349, 9488, 3832, 3605, 128, 5525, 4282, 8834, 1962, 4514, 6543, 4149, 3987, 35, 6356, 7675, 3321, 4385, 4690, 3042, 4632, 379, 2737, 7787, 2347, 89, 900, 5223, 4756, 8737, 5465, 232, 504, 908, 7880, 8530, 5590, 7939, 8000, 5806, 6862, 9907, 4507, 7868, 6232, 2990
2814, 5407, 8341, 3131, 3195, 7334, 3258, 9915, 9638, 4774, 4937, 374, 2950, 3745, 5630, 1024, 51, 8309, 6209, 7850, 5030, 7564, 2465, 8211, 6567, 9220, 7825, 5639, 620, 9698, 3674, 8387, 6877, 5718, 9445, 5249, 2440, 5138, 6041, 7630, 6421, 5473, 7742, 5150, 4699, 6926, 9758, 3184, 4956, 3080, 841, 4619, 8303, 6416, 2965, 4879, 5265, 7743, 2974, 8770, 747, 8317, 4335, 95, 4693, 915, 624, 101, 2581, 1487, 6240, 8860, 2664, 6112, 3972, 4416, 4891, 8952, 3533, 8186, 9844, 5639, 9907, 1478, 4684, 3135, 5498, 7249, 7108, 1438, 5415, 3240, 7611, 4767, 992, 7507, 4992, 9804, 2617, 5003
9932, 6455, 9329, 4366, 6776, 2175, 9253, 7358, 4135, 4385, 1936, 9485, 869, 6745, 901, 9264, 5128, 4141, 2335, 5333, 666, 8105, 3723, 5106, 6426, 9107, 4465, 6094, 2530, 4651, 9010, 1094, 8221, 2437, 1914, 1518, 5069, 5987, 3349, 8844, 1783, 6069, 3075, 2829, 5377, 5038, 656, 6510, 7077, 2750, 9772, 2277, 391, 2116, 4911, 293, 3031, 9563, 9407, 457, 4038, 647, 4845, 1704, 2352, 3925, 3151, 7973, 3335, 6802, 4394, 8416, 5320, 5524, 5223, 565, 9097, 7749, 5195, 9062, 9463, 194, 801, 9295, 9431, 5756, 9915, 4834, 4526, 4178, 2600, 9892, 6671, 7868, 7717, 3227, 4663, 9777, 8658, 7859
915, 3394, 5622, 1784, 2246, 5853, 6364, 8450, 5844, 3915, 2088, 2200, 220, 9155, 271, 3101, 4962, 3057, 1573, 7615, 2407, 4961, 3739, 6439, 8951, 5740, 1384, 8482, 3689, 8000, 6933, 456, 7272, 9141, 4592, 4823, 4462, 7135, 6230, 4949, 9711, 93, 5305, 5254, 6295, 9781, 2558, 5835, 6003, 6142, 5098, 5621, 8200, 4539, 8728, 5445, 4217, 2, 1866, 2592, 5416, 3020, 8271, 1378, 1061, 9616, 4917, 62, 5151, 4334, 844, 3050, 9770, 8568, 2569, 8728, 6159, 8221, 1730, 7504, 3739, 4055, 1061, 1678, 1596, 5310, 5470, 8613, 6573, 2167, 6051, 1346, 7049, 5460, 6177, 6253, 1706, 2673, 495, 5684
8171, 7690, 9562, 4566, 7268, 8071, 5207, 3915, 4812, 7642, 4211, 906, 4349, 4106, 869, 4698, 1085, 1086, 2158, 9568, 9333, 1486, 2795, 2070, 3263, 4415, 1288, 6907, 3468, 1034, 2236, 7017, 9930, 5627, 4612, 6944, 5324, 6992, 508, 5018, 1296, 1759, 3950, 9064, 4321, 5704, 4741, 2422, 7094, 1251, 8064, 1906, 5971, 9412, 6532, 6998, 4969, 2226, 7780, 45, 2019, 7380, 7290, 528, 3778, 152, 3133, 2570, 1127, 9086, 6574, 3769, 8704, 859, 83, 5159, 8279, 6697, 2191, 6667, 7616, 7406, 6834, 9754, 3565, 6561, 3371, 9141, 571, 1758, 2293, 8431, 3516, 1937, 777, 317, 6889, 4750, 1723, 576
632, 1696, 9672, 6546, 6691, 327, 7105, 4960, 9303, 2212, 5002, 1066, 6350, 2525, 2274, 827, 8747, 2177, 9702, 651, 9727, 6173, 5341, 4572, 6168, 2564, 14, 7114, 9645, 4792, 3472, 1147, 5759, 6457, 4093, 3997, 6484, 1672, 7531, 1757, 1752, 5986, 2706, 1316, 3334, 2599, 6646, 1981, 6149, 6093, 3301, 3697, 9607, 1206, 5231, 6898, 4314, 7341, 1243, 9768, 7522, 429, 7510, 2328, 4089, 2514, 4497, 3154, 8386, 6050, 7063, 3790, 6588, 4213, 564, 7922, 8079, 791, 1455, 7276, 9349, 3193, 6932, 3831, 3655, 9941, 4479, 8443, 4993, 9657, 8862, 9248, 5475, 1997, 1043, 9329, 1061, 2234, 777, 2055
1795, 292, 2257, 4183, 9194, 1874, 43, 1435, 5205, 4084, 744, 8526, 4323, 378, 4449, 5857, 2846, 86, 8722, 8031, 7015, 5796, 7153, 5129, 4823, 7914, 3894, 6336, 4670, 9418, 5402, 6862, 7708, 5426, 689, 3378, 9701, 1581, 1795, 206, 2574, 2432, 6880, 8360, 5385, 6028, 9402, 2201, 9451, 3750, 8140, 3950, 2536, 5030, 4508, 4593, 2630, 5085, 5550, 810, 2666, 13, 3278, 1480, 3729, 7708, 3621, 4059, 5807, 4910, 1135, 622, 1927, 412, 8851, 5778, 3643, 1963, 6142, 3778, 3289, 9714, 1368, 142, 1127, 2200, 160, 3921, 3597, 1795, 4695, 300, 2248, 5328, 4098, 9680, 1585, 2142, 1165, 8592
8100, 6242, 6022, 9854, 2016, 1372, 3050, 4205, 7937, 7906, 3418, 3364, 494, 8211, 1915, 4878, 6349, 2810, 3410, 2485, 4439, 3117, 1256, 1750, 2261, 7743, 7198, 9711, 7132, 8508, 9952, 8952, 7882, 9099, 7531, 1099, 4244, 4082, 6572, 2052, 8293, 8449, 488, 1464, 4771, 8199, 7074, 1945, 4824, 612, 5356, 9245, 775, 8807, 944, 3300, 7898, 8927, 8906, 1424, 2862, 9886, 3298, 9155, 7488, 4983, 2841, 1328, 792, 1887, 3003, 5767, 1868, 2514, 5718, 4681, 1155, 7138, 9347, 4322, 7808, 7693, 3124, 1741, 6511, 3708, 2292, 8598, 7893, 545, 2402, 5891, 2919, 3683, 3865, 191, 3113, 4715, 705, 1526
5260, 4351, 711, 5398, 1397, 5315, 7687, 6585, 2274, 3264, 353, 366, 5262, 7065, 6593, 7588, 5724, 649, 6199, 3603, 4219, 7474, 65, 7523, 606, 5158, 8834, 7454, 127, 2270, 9434, 9437, 5801, 1417, 3635, 2644, 6142, 2820, 8789, 1082, 7106, 364, 7248, 2493, 2425, 7751, 7622, 8472, 7050, 5844, 7970, 5896, 4285, 3517, 8332, 8689, 8392, 3446, 7567, 676, 906, 1118, 7373, 4809, 751, 47, 4580, 1417, 5335, 8718, 1340, 8285, 2242, 5052, 1642, 8358, 8888, 2376, 1786, 6641, 562, 6794, 1856, 6480, 5637, 9613, 5047, 6836, 426, 85, 1773, 6357, 5148, 3057, 5878, 7140, 6771, 3381, 1005, 892
4131, 3879, 6178, 2879, 5641, 6546, 1010, 4538, 162, 7251, 2596, 3900, 7163, 2687, 8096, 4095, 3149, 4554, 9318, 4107, 7544, 40, 8175, 2695, 2698, 9559, 4801, 5918, 9477, 2381, 3315, 1071, 2051, 8317, 3768, 4995, 2893, 8941, 2615, 2713, 1756, 4963, 8234, 3108, 467, 7300, 2459, 2018, 8725, 8191, 3868, 9463, 4781, 5230, 3677, 7022, 8868, 5600, 459, 3367, 6573, 9986, 5651, 833, 3931, 5652, 7804, 3577, 5979, 5987, 9916, 8347, 5742, 9462, 777, 2167, 1180, 4395, 8282, 7370, 3496, 7155, 9890, 3296, 1377, 553, 3026, 5732, 2262, 6001, 6122, 9694, 3492, 7760, 9183, 8496, 3368, 76, 1318, 2249
4528, 8359, 1493, 1872, 9835, 3652, 7929, 521, 3993, 5625, 1016, 2929, 2513, 3064, 4400, 4556, 3292, 2410, 8983, 6714, 5096, 4268, 4984, 827, 1526, 5042, 7900, 4871, 8670, 5813, 5274, 7687, 9582, 3440, 2454, 2366, 8960, 9473, 7245, 8147, 6959, 929, 5260, 1428, 1951, 3239, 91, 363, 8213, 9730, 4988, 4283, 6024, 3924, 5645, 8666, 8462, 598, 6901, 8817, 1300, 9083, 9680, 490, 9849, 7590, 8359, 3741, 9327, 494, 2866, 7051, 3381, 1438, 4310, 2367, 8799, 3916, 7686, 8133, 3060, 7501, 321, 6611, 5454, 2356, 92, 3821, 1717, 6772, 3185, 5302, 6825, 2565, 7188, 8541, 468, 926, 1629, 3414
5000, 6999, 4741, 5260, 6200, 4871, 2192, 1320, 3063, 5956, 792, 191, 4005, 2787, 7776, 5664, 3376, 7142, 4171, 861, 3973, 6134, 8944, 5956, 8364, 2360, 9198, 2888, 4266, 4594, 469, 3501, 6974, 3574, 360, 3319, 4873, 3435, 8210, 1739, 2461, 3065, 3251, 893, 8971, 3258, 3821, 9623, 9681, 4899, 570, 6055, 1311, 630, 7352, 2130, 2533, 7453, 4460, 6101, 5520, 546, 277, 4490, 4743, 9199, 8981, 3284, 4762, 4229, 3983, 9260, 9621, 2498, 8999, 6245, 2652, 8217, 1264, 7828, 6985, 2614, 4300, 7618, 3846, 3235, 858, 449, 7895, 1676, 182, 3151, 6214, 3815, 7565, 1424, 375, 9829, 8356, 213
9019, 2143, 2987, 8515, 1775, 8281, 4414, 6022, 4015, 2123, 4424, 8201, 5950, 1483, 665, 8453, 8862, 2105, 1976, 875, 5903, 8172, 5626, 4773, 4800, 7290, 6374, 2587, 5082, 3487, 3966, 6167, 2971, 5258, 2596, 2432, 2963, 6915, 3173, 8388, 6313, 614, 6794, 7178, 3107, 3255, 5749, 1397, 6448, 7219, 6576, 7255, 4354, 6357, 8220, 3337, 7461, 8992, 7189, 680, 8296, 7852, 743, 6696, 999, 2744, 8624, 4045, 8722, 5596, 3602, 7012, 9593, 9037, 1203, 2148, 1180, 9059, 9391, 6967, 7628, 9541, 9674, 387, 3329, 1384, 2156, 1219, 1864, 1851, 8354, 6507, 9235, 344, 7300, 9841, 5933, 5265, 2363, 801
3290, 2924, 8534, 692, 5711, 3473, 2491, 6375, 1904, 752, 663, 3598, 5004, 2660, 3726, 3570, 3645, 6103, 9494, 1666, 3427, 5978, 9991, 5154, 982, 713, 2663, 7621, 926, 7876, 128, 1367, 9300, 2118, 7660, 5470, 5835, 4257, 2667, 6436, 1350, 4752, 5849, 393, 5881, 6947, 9415, 663, 7801, 5529, 3768, 2171, 4071, 3442, 414, 4672, 7054, 6128, 5495, 33, 3848, 5427, 5295, 4933, 9978, 6725, 2381, 9253, 458, 2011, 8578, 2151, 7747, 8376, 8925, 2366, 7912, 6202, 8946, 6641, 3425, 3798, 6087, 335, 3488, 5547, 5046, 7257, 473, 8765, 5828, 1542, 4165, 456, 2845, 3022, 3841, 8839, 3166, 8931
1907, 6164, 2075, 9016, 1806, 8678, 4535, 8183, 7222, 6807, 1833, 652, 9221, 3638, 3740, 2243, 2896, 2602, 7834, 2934, 5341, 5893, 9288, 78, 2324, 3600, 6399, 3798, 1893, 9809, 9400, 9999, 9355, 5978, 2682, 3129, 9538, 3789, 3472, 410, 9053, 9373, 3194, 1574, 3416, 8323, 1300, 3327, 1297, 6205, 5166, 5738, 912, 2462, 3829, 8528, 1641, 6484, 7769, 8868, 7322, 3454, 1742, 8671, 6328, 4076, 2754, 8629, 7580, 6753, 654, 8254, 891, 2896, 4541, 6072, 4710, 6143, 4225, 1741, 4244, 4011, 2286, 2393, 8161, 6193, 8955, 8732, 2684, 7133, 8988, 2591, 7699, 1775, 6977, 6506, 716, 2466, 5153, 7624
1017, 1864, 5605, 2811, 8105, 1400, 7067, 9152, 5720, 7365, 4963, 4226, 5091, 7011, 2210, 3496, 8860, 5166, 7453, 7975, 157, 7861, 6859, 3888, 9674, 3168, 5368, 7520, 7281, 1065, 3405, 2622, 3700, 3507, 5431, 4805, 2081, 3092, 7442, 7222, 8928, 3694, 1557, 4480, 8762, 9304, 7144, 7202, 7149, 7904, 9619, 7983, 2284, 5681, 9992, 540, 6174, 3140, 512, 7811, 2670, 8725, 4374, 1465, 1075, 7493, 302, 4836, 856, 2013, 6103, 3645, 5130, 237, 8747, 4028, 8004, 378, 2398, 5397, 3609, 5964, 9989, 6417, 2699, 5199, 8347, 6006, 6099, 7514, 1693, 7674, 2923, 6762, 3419, 4758, 5501, 4898, 1426, 6125
2252, 2186, 8044, 6796, 4379, 9967, 1572, 5591, 2152, 9881, 2802, 2388, 1831, 9027, 6566, 866, 4823, 4017, 5274, 8718, 6521, 8152, 8733, 6221, 3483, 4975, 2071, 5802, 4070, 8401, 1531, 9753, 9513, 4267, 6105, 620, 9440, 684, 1477, 8954, 8383, 4898, 1624, 6079, 7492, 2479, 2546, 5342, 8755, 634, 2054, 3898, 7380, 1159, 9348, 8505, 1703, 176, 8188, 3028, 8937, 1122, 7844, 2411, 9439, 4697, 6768, 7690, 1729, 4479, 4913, 9338, 5482, 9723, 1984, 1657, 9928, 7507, 554, 9273, 655, 4843, 4940, 7858, 8682, 7602, 9003, 5130, 1861, 7216, 8630, 4923, 135, 7958, 7565, 6638, 3020, 7350, 8444, 4759
9764, 9698, 4444, 8265, 96, 8141, 769, 7771, 6200, 3682, 9363, 9000, 4626, 637, 4700, 4808, 195, 6721, 3259, 4378, 2667, 2505, 4418, 7466, 900, 9425, 5849, 3574, 8570, 7684, 2265, 822, 114, 5401, 2347, 6930, 5498, 8199, 5052, 5212, 7674, 4045, 3130, 1767, 7103, 1605, 8653, 6163, 3648, 1640, 2636, 6826, 7272, 43, 8406, 4060, 5493, 7991, 6287, 8193, 7365, 9393, 5377, 7667, 842, 8330, 6719, 2070, 2846, 9481, 1009, 8101, 9088, 2702, 3121, 2219, 3735, 8831, 5217, 2353, 7427, 7581, 9959, 2462, 5778, 9944, 5443, 7960, 9523, 6918, 3878, 7058, 1774, 3557, 6726, 2937, 7456, 2367, 77, 4331
