1
1
1
2
1
1
5
5
1
2
9
1
99
1
7
10
1
11
17
5
1
13
1
2
2
5
23
1
1
7
7
26
1
11
25
25
1
25
13
35
1
7
9
18
1
41
22
25
1
13
21
21
1
13
53
45
1
26
57
47
2
47
34
62
1
53
30
53
1
69
38
37
1
21
35
21
1
5
77
21
1
25
31
71
2
41
46
29
99
61
33
25
2
57
29
23
1
2
6
29
1
69
41
93
2
57
33
102
1
9
17
9
99
45
65
91
1
82
13
65
1
74
71
83
1
75
21
75
1
51
55
91
1
107
114
29
1
33
109
43
2
21
89
71
2
55
109
93
99
53
101
71
1
71
77
121
1
35
89
146
1
46
26
121
1
23
117
166
1
5
33
141
1
33
38
9
1
149
29
6
1
155
21
115
1
51
101
149
1
14
58
166
1
33
119
175
1
93
157
99
